300000	4	-0.073514588	0.136721567	3.878955113
300011	3	-0.923566534	0.268379373	2.379605067
300016	0	-1.226428822	0.20255047	-0.360586395
300017	0	-0.658637825	0.20255047	0.208132588
300018	0	-0.364696221	0.20255047	-0.463989846
300020	1	0.706144204	0.20255047	-0.584627206
300021	2	3.719231684	-4.997932853	0.173664771
300043	0	-1.238335318	0.20255047	-0.463989846
300046	1	0.920461121	0.20255047	0.414939491
300090	1	0.651820819	0.20255047	-0.377820303
300204	0	-0.261258543	0.20255047	-0.515691572
300205	1	0.074355795	0.20255047	0.156430862
300256	1	0.805861103	0.20255047	-0.257182943
300260	1	0.398807793	0.20255047	-0.567393297
300267	0	-0.279118286	0.20255047	-0.274416852
300270	0	-0.79779499	0.20255047	-0.481223755
300296	1	0.907066313	0.20255047	-0.015908223
300299	1	0.773118241	0.20255047	0.638980302
300328	1	0.057240208	0.20255047	-0.705264566
300329	1	0.034171373	0.20255047	-0.584627206
300360	0	-0.384788432	0.20255047	0.483875125
300391	1	0.182258409	0.20255047	-0.670796749
300400	0	-0.893432811	0.268379373	-0.722498474
300417	0	-0.299954653	0.20255047	-0.446755937
300421	0	-1.206138798	0.136721567	-0.481223755
300458	0	-0.622871241	0.136721567	-0.360586395
